0 0.083874 0.155100 0.003247 0.002029
0 0.184389 0.154965 0.003157 0.002029
0 0.219156 0.154830 0.003066 0.001488
0 0.249604 0.154971 0.003472 0.001827
0 0.282133 0.155016 0.003350 0.002102
0 0.347283 0.154971 0.003289 0.002193
0 0.593530 0.155063 0.003165 0.001846
0 0.037936 0.494515 0.001108 0.004987
0 0.037899 0.538952 0.001478 0.004765
0 0.037973 0.587600 0.001330 0.004987
0 0.037936 0.634031 0.001256 0.004765
0 0.164790 0.850882 0.003253 0.001689
0 0.486366 0.548483 0.003370 0.001685
0 0.573785 0.544424 0.001328 0.004902
0 0.582108 0.544501 0.001225 0.005055
0 0.811019 0.332261 0.001328 0.004902
0 0.810866 0.627298 0.001225 0.004596
0 0.810917 0.724341 0.001123 0.004749
0 0.748366 0.780407 0.001021 0.004749
0 0.492761 0.726783 0.001295 0.004767
1 0.695505 0.203559 0.003665 0.018229
2 0.694516 0.185997 0.002721 0.004725